# Created by Octave 4.2.1, Wed Mar 08 10:48:46 2017 GMT <unknown@unknown>
# name: cc
# type: object
